Snapshot created at snapshot
2
3
4
5
6
7
YO8
9
10
11
12
13
14
15
YO16
17
YO18
19
YO20
21
22
23
24
25
YO26
27
28
29
YO30
31
32
33
34
35
36
37
YO38
39
YO40
41
42
43
YO44
45
YO46
47
YO48
49
50
51
YO52
53
54
55
YO56
57
YO58
59
YO60
61
62
63
YO64
65
66
67
YO68
69
YO70
71
72
73
YO74
75
YO76
77
78
79
YO80
81
YO82
83
84
85
86
87
YO88
89
YO90
91
92
93
YO94
95
YO96
97
YO98
99
YO100
101
YO102
103
YO104
105
YO106
107
108
109
YO110
111
112
113
114
115
116
117
118
119
YO120
121
YO122
123
YO124
125
YO126
127
128
129
130
131
YO132
133
134
135
YO136
137
YO138
139
140
141
142
143
144
145
146
147
YO148
149
YO150
151
YO152
153
154
155
YO156
157
158
159
160
161
YO162
163
164
165
166
167
YO168
169
170
171
172
173
174
175
176
177
178
179
YO180
181
182
183
184
185
186
187
188
189
YO190
191
YO192
193
YO194
195
YO196
197
YO198
199
200
201
YO202
203
YO204
205
YO206
207
YO208
209
210
211
YO212
213
YO214
215
216
217
218
219
YO220
221
222
223
YO224
225
YO226
227
YO228
229
230
231
232
233
234
235
YO236
237
YO238
239
YO240
241
YO242
243
YO244
245
YO246
247
248
249
YO250
251
YO252
253
254
255
YO256
257
YO258
259
260
261
262
263
264
265
YO266
267
YO268
269
270
271
YO272
273
274
275
YO276
277
278
279
280
281
282
283
284
285
YO286
287
288
289
YO290
291
292
293
294
295
296
297
YO298
299
300
301
302
303
YO304
305
306
307
308
309
310
311
312
313
314
315
YO316
317
YO318
319
YO320
321
322
323
YO324
325
326
327
328
329
YO330
331
YO332
333
YO334
335
336
337
338
339
YO340
341
YO342
343
YO344
345
YO346
347
348
349
YO350
351
YO352
353
354
355
YO356
357
YO358
359
360
361
362
363
364
365
YO366
367
368
369
YO370
371
YO372
373
374
375
YO376
377
YO378
379
380
381
YO382
383
YO384
385
386
387
388
389
390
391
YO392
393
YO394
395
396
397
YO398
399
400
401
RAID system : 176 seeks 400 reads 208 writes
Snapshot : 0 seeks 0 reads 104 writes
Time : 176
